5.86038027219395 -3.7178852938948275
9.801911504893816 8.697955013052361
2.648614060595861 -7.161151147906536
9.071844178269036 -8.635667787200608
-5.956062962536914 -5.959048376703532
8.91908144949866 -8.976469815613893
1.6111068189310194 -6.006328660325686
0.5002023411743107 -6.7016822467515595
9.88656606315315 9.795091729263321
5.738644059498822 3.4800940544785197
8.704868174473551 -7.443133351408154
10.148762781317568 -7.809621507448895
8.041015475263473 9.697349922743182
0.3891792025512948 -6.133664482887536
9.613598621802963 -7.276100434844683
5.985337583791821 1.9490697804680066
9.007686210191643 -5.8704597119172615
-7.8465177407509765 -4.861620752293745
11.462563507525035 -6.0860232268560654
-4.957646623256683 -5.198954827313907
4.017398202493674 3.990744017135315
3.839539290397531 1.8599220037914388
5.513740097796487 3.193533420020307
5.221805243017643 -0.2988949335412312
0.6904073552930716 -5.228210519503539
4.964824503038744 1.7879869361796457
8.577431251043036 -6.6719264503232365
10.174554761067997 -5.7495682028882795
5.91183651871104 -3.0560531913937585
3.1566508298126754 -10.246019150766472
7.834990852290739 -7.337627232384431
-0.031025175134214766 -6.841380417397735
1.6932907085603375 -10.914744770386285
8.11413140582617 10.760100451917763
4.9797627765838595 2.350673568986981
7.899250258114412 -6.669910682855162
-6.397702998710356 -6.4846911440251045
3.950709880579865 -10.680276408901701
9.56757158746599 8.578689524304071
8.269241153726325 7.530474749511993
7.294577027905538 -7.067097151685971
8.448880070358296 -6.005731615389539
8.870342755892601 7.812376794320608
2.8653099227196934 2.945713285408657
2.477421602272321 -10.664190110956943
-5.40265567827659 -5.1972555585503555
6.355124516405086 -3.988917636359596
6.214027387180227 -2.7073498696917286
-6.595710537813004 -3.297762431549537
7.077980683119941 -3.4277296057075732
4.029194553235447 2.447628169106538
3.1185858831247515 1.8324224553908326
2.791935113716811 -9.946496878463574
-7.185500186794242 -4.289554676513685
1.0767429875880021 -5.545982593698179
2.7825922752393537 -8.806859266514621
-0.6678650928483709 -5.62056553907342
-6.4958881225941205 -4.787848435571536
3.378812139779857 -9.359982680374266
5.160863407917448 -4.3600536420027876
9.796401013966005 -7.823555935424796
6.468292052764306 -2.5331572036670975
4.282566101625801 1.090005650771588
9.209489014396235 -7.9317886005990665
-0.3407732381621471 -5.560380419880551
1.4561788763767127 -6.554562075446647
7.873977064156941 -1.1223916818983943
9.339891474880545 6.498263781439692
1.433519132327857 -5.166714312275762
4.953990671952852 1.7276831885318613
9.653672436333174 7.625314635376972
7.511257633148059 -2.8980178400633636
3.3310952824373317 -8.87123036822597
6.9802601272396005 -3.067267146693057
6.713864469095984 -2.0320672878682373
1.5995972771622702 -6.751816134498232
5.783080760757725 -2.649091008874938
3.8763414234451563 1.4073383018387535
7.675823591331432 -4.35503274574299
8.870380099346935 -6.5647267772263085
-6.0539451340627455 -4.512786655944506
0.6807288913091172 -6.070839332718035
6.531348283554424 8.850406907849099
-4.652729829315664 -4.957846119410072
6.451495068776814 -2.3170301528296884
-5.5357480794391005 -6.019473092590001
1.4666141951883949 -9.34591745218614
5.091522498026216 -2.454693358264914
-5.912062871599785 -6.023068182582203
-7.533031558535773 -5.30258827772535
-7.055587710043082 -4.065332773823995
1.7505205749733088 -8.637930773404348
3.507683332307092 3.875006093581691
0.932720968453862 -8.747452173092734
10.534055332014555 -5.383108525343591
1.061416912787671 -5.831257843029264
5.114660452400248 4.269571100201002
0.7873199350262046 -8.408917577890696
8.49519178020578 8.770553174423059
0.8899530036038871 -6.36158054221056
3.979979202257671 0.7353443568136471
-5.105642308449692 -5.6922367378954295
0.43038518089174804 -9.074169134030695
9.06313880469196 7.944058008645072
2.3531527152101988 -9.099265334065095
9.201859644433076 8.021354324472428
4.72690553101217 0.41209158609040886
-6.505356064822729 -4.2028018674789065
8.071197122130192 9.153629643063182
8.949744435666643 -5.954211748266682
9.39269822775383 10.292936421043613
0.9358056975754518 -5.885812187926142
4.051360505156186 0.9369035810508151
8.636907961466518 -7.667478353770691
10.163626906289098 -7.694366365960796
0.25470363058793233 -6.934614512479117
6.5372519043333455 -2.1268438268141208
7.793881924378283 -7.431414023247899
4.074185441609044 1.0101079485531317
9.5834122885876 8.689404927026327
1.2887689569968994 -6.528800341317136
0.26971896120683136 -6.416130699799397
1.7473232448684208 -5.722290174700548
10.662341096130339 8.93554312285127
9.865199221984815 -7.5805089544615
-6.852325667676555 -4.4563306319682425
8.538842457441314 5.904298912261098
2.6178099424250854 -10.107561007735585
5.911546520625909 -2.2354795749686267
2.8159867360925315 -5.306752970991055
10.582051334243625 -7.692473652309404
6.250665741161849 -3.5481270318040585
4.5700785958442935 3.8833873450142082
-5.550460328449467 -5.151703007211184
10.587486508904835 8.156498542111484
8.138889833119006 -6.053714796350886
4.507382737816263 2.2095413579930994
8.949454287368551 7.076623491804519
-4.935129738202022 -5.075838468367259
1.1620203517824625 -5.904718383563176
6.28319964376735 -5.589822025115895
5.518043783116284 3.259028342881464
3.266984407870219 -0.010009392351278734
2.3730089544417514 1.779641180802508
-4.420367023359138 -4.599236544239446
8.19848164610382 -3.4861601325768876
4.535448605691084 -3.6965696953870464
-7.473759063102825 -5.764164795911452
2.8690954189085733 -3.158095460669617
2.272232584794101 -8.320584214690435
8.745917371985982 7.5448924360917555
4.053032220097515 0.12495459831448108
3.1944140340350513 -9.168384731725137
7.564711940292185 7.796082447077105
8.635606221550207 -8.279603119409616
11.747006878242871 -8.718619246375503
-0.35432860133137734 -6.608404922219836
8.482725029368353 8.305469082744485
5.887820663022977 -3.2793792315234973
8.389523704488543 -2.9986725954087223
2.972085038146365 1.7348752352707029
2.101059043692482 -9.073393553419313
-7.085292213181155 -6.143931431948511
7.855654959823176 -1.043459297912817
0.7815954608375532 -7.709009844155262
-6.167264341075105 -2.9908953341719586
-6.77957340256711 -4.053438852087823
5.017668445903196 0.36924232649710387
1.2626726185526262 -9.665530499839031
4.321314973880399 2.33806805574342
1.5164155290663022 -5.023268619279183
-5.499173068030787 -5.924329829005778
8.04368897424131 7.354978045761008
-6.090936838413732 -4.332787295724464
7.462343276582734 -5.539453746150609
7.250779487609589 8.087444558490672
2.5373857143750915 -11.37617468502831
2.365763186987486 -9.613585114708062
2.40278707181766 -10.480888689320123
3.7184511593482723 -8.884595290793317
-6.717640979684431 -2.111385018665954
-6.899866070709493 -6.91777211751636
3.8782216103913925 1.3607327665675357
7.8919998321664755 8.453205149549108
-0.04187907367729493 -5.4102136990255065
2.9446244441825447 -11.333966409638077
9.839330807020163 8.662607009614844
2.853053386441137 -9.633723523590861
1.6579189694907193 -8.99566196292493
9.030208244147822 9.617820131789955
1.377624899996437 -6.000328043678205
8.824139960787994 -8.651450628683454
3.5482295143906364 -8.744093194681595
-6.62610954952718 -4.471560733230332
6.809268679375625 -0.04488140703740173
7.007740320185155 -0.8225348894941196
4.973798717839879 -3.3209366605206823
5.4519130097071296 -1.6275637159256913
2.611828706669958 -11.488049300331907
4.700321910069652 -2.1924551449954284