# Cluster grouping | Format: coord1 coord2 | cluster_id

# Cluster 0
Centroid: 0.941466 -6.06568 
2.64861 -7.16115 0
1.61111 -6.00633 0
0.500202 -6.70168 0
0.389179 -6.13366 0
0.690407 -5.22821 0
-0.0310252 -6.84138 0
1.07674 -5.54598 0
-0.667865 -5.62057 0
-0.340773 -5.56038 0
1.45618 -6.55456 0
1.43352 -5.16671 0
1.5996 -6.75182 0
0.680729 -6.07084 0
1.06142 -5.83126 0
0.889953 -6.36158 0
0.935806 -5.88581 0
0.254704 -6.93461 0
1.28877 -6.5288 0
0.269719 -6.41613 0
1.74732 -5.72229 0
2.81599 -5.30675 0
1.16202 -5.90472 0
-0.354329 -6.6084 0
0.781595 -7.70901 0
1.51642 -5.02327 0
-0.0418791 -5.41021 0
1.37762 -6.00033 0

# Cluster 1
Centroid: 8.94435 8.27247 
9.80191 8.69796 1
9.88657 9.79509 1
8.04102 9.69735 1
8.11413 10.7601 1
9.56757 8.57869 1
8.26924 7.53047 1
8.87034 7.81238 1
9.33989 6.49826 1
9.65367 7.62531 1
6.53135 8.85041 1
8.49519 8.77055 1
9.06314 7.94406 1
9.20186 8.02135 1
8.0712 9.15363 1
9.3927 10.2929 1
9.58341 8.6894 1
10.6623 8.93554 1
8.53884 5.9043 1
10.5875 8.1565 1
8.94945 7.07662 1
8.74592 7.54489 1
7.56471 7.79608 1
8.48273 8.30547 1
8.04369 7.35498 1
7.25078 8.08744 1
7.892 8.45321 1
9.83933 8.66261 1
9.03021 9.61782 1

# Cluster 2
Centroid: 6.23739 -2.76691 
5.86038 -3.71789 2
5.91184 -3.05605 2
6.35512 -3.98892 2
6.21403 -2.70735 2
7.07798 -3.42773 2
5.16086 -4.36005 2
6.46829 -2.53316 2
7.87398 -1.12239 2
7.51126 -2.89802 2
6.98026 -3.06727 2
6.71386 -2.03207 2
5.78308 -2.64909 2
7.67582 -4.35503 2
6.4515 -2.31703 2
5.09152 -2.45469 2
6.53725 -2.12684 2
5.91155 -2.23548 2
6.25067 -3.54813 2
6.2832 -5.58982 2
8.19848 -3.48616 2
4.53545 -3.69657 2
2.8691 -3.1581 2
5.88782 -3.27938 2
8.38952 -2.99867 2
7.85565 -1.04346 2
6.80927 -0.0448814 2
7.00774 -0.822535 2
4.9738 -3.32094 2
5.45191 -1.62756 2
4.70032 -2.19246 2

# Cluster 3
Centroid: 9.06497 -7.2449 
9.07184 -8.63567 3
8.91908 -8.97647 3
8.70487 -7.44313 3
10.1488 -7.80962 3
9.6136 -7.2761 3
9.00769 -5.87046 3
11.4626 -6.08602 3
8.57743 -6.67193 3
10.1746 -5.74957 3
7.83499 -7.33763 3
7.89925 -6.66991 3
7.29458 -7.0671 3
8.44888 -6.00573 3
9.7964 -7.82356 3
9.20949 -7.93179 3
8.87038 -6.56473 3
10.5341 -5.38311 3
8.94974 -5.95421 3
8.63691 -7.66748 3
10.1636 -7.69437 3
7.79388 -7.43141 3
9.8652 -7.58051 3
10.5821 -7.69247 3
8.13889 -6.05371 3
8.63561 -8.2796 3
11.747 -8.71862 3
7.46234 -5.53945 3
8.82414 -8.65145 3

# Cluster 4
Centroid: 2.46415 -9.57889 
3.15665 -10.246 4
1.69329 -10.9147 4
3.95071 -10.6803 4
2.47742 -10.6642 4
2.79194 -9.9465 4
2.78259 -8.80686 4
3.37881 -9.35998 4
3.3311 -8.87123 4
1.46661 -9.34592 4
1.75052 -8.63793 4
0.932721 -8.74745 4
0.78732 -8.40892 4
0.430385 -9.07417 4
2.35315 -9.09927 4
2.61781 -10.1076 4
2.27223 -8.32058 4
3.19441 -9.16838 4
2.10106 -9.07339 4
1.26267 -9.66553 4
2.53739 -11.3762 4
2.36576 -9.61359 4
2.40279 -10.4809 4
3.71845 -8.8846 4
2.94462 -11.334 4
2.85305 -9.63372 4
1.65792 -8.99566 4
3.54823 -8.74409 4
2.61183 -11.488 4

# Cluster 5
Centroid: 4.26124 1.83969 
5.73864 3.48009 5
5.98534 1.94907 5
4.0174 3.99074 5
3.83954 1.85992 5
5.51374 3.19353 5
5.22181 -0.298895 5
4.96482 1.78799 5
4.97976 2.35067 5
2.86531 2.94571 5
4.02919 2.44763 5
3.11859 1.83242 5
4.28257 1.09001 5
4.95399 1.72768 5
3.87634 1.40734 5
3.50768 3.87501 5
5.11466 4.26957 5
3.97998 0.735344 5
4.72691 0.412092 5
4.05136 0.936904 5
4.07419 1.01011 5
4.57008 3.88339 5
4.50738 2.20954 5
5.51804 3.25903 5
3.26698 -0.0100094 5
2.37301 1.77964 5
4.05303 0.124955 5
2.97209 1.73488 5
5.01767 0.369242 5
4.32131 2.33807 5
3.87822 1.36073 5

# Cluster 6
Centroid: -6.25848 -4.87199 
-5.95606 -5.95905 6
-7.84652 -4.86162 6
-4.95765 -5.19895 6
-6.3977 -6.48469 6
-5.40266 -5.19726 6
-6.59571 -3.29776 6
-7.1855 -4.28955 6
-6.49589 -4.78785 6
-6.05395 -4.51279 6
-4.65273 -4.95785 6
-5.53575 -6.01947 6
-5.91206 -6.02307 6
-7.53303 -5.30259 6
-7.05559 -4.06533 6
-5.10564 -5.69224 6
-6.50536 -4.2028 6
-6.85233 -4.45633 6
-5.55046 -5.1517 6
-4.93513 -5.07584 6
-4.42037 -4.59924 6
-7.47376 -5.76416 6
-7.08529 -6.14393 6
-6.16726 -2.9909 6
-6.77957 -4.05344 6
-5.49917 -5.92433 6
-6.09094 -4.33279 6
-6.71764 -2.11139 6
-6.89987 -6.91777 6
-6.62611 -4.47156 6

